====================================================================================================
COMPREHENSIVE MODEL TESTING - FULL RESULTS
Test Date: 2025-10-11 21:21:48
====================================================================================================

OVERALL PERFORMANCE:
----------------------------------------------------------------------------------------------------
Total Test Samples:        1,222
R² Score:                  0.5322
Mean Absolute Error:       36.40 runs
Root Mean Square Error:    49.57 runs
Best Prediction Error:     0.02 runs
Worst Prediction Error:    234.33 runs
Median Error:              26.95 runs

Accuracy within 10 runs:   22.34%
Accuracy within 20 runs:   40.10%
Accuracy within 30 runs:   53.93%
Accuracy within 50 runs:   74.14%

====================================================================================================
ACCURACY BY MATCH STAGE:
====================================================================================================

Stage        Balls        Samples    R² Score     MAE          Accuracy    
----------------------------------------------------------------------------------------------------
Pre-Match    0-60         256        0.1443       56.05        22.66       %
Early        60-120       254        0.4320       43.94        30.71       %
Mid          120-180      252        0.6478       34.98        34.13       %
Late         180-240      238        0.7420       25.91        50.84       %
Death        240-300      222        0.8728       17.96        66.22       %

====================================================================================================
DETAILED PREDICTIONS (All Samples):
====================================================================================================

Row    Balls    Score      Wickets    Actual       Predicted    Error        Accuracy    
----------------------------------------------------------------------------------------------------
1      1        0          0          341          229.9        111.1        67.4        %
2      60       64         2          341          243.4        97.6         71.4        %
3      120      121        2          341          283.9        57.1         83.3        %
4      180      154        4          341          250.5        90.5         73.5        %
5      240      216        4          341          291.1        49.9         85.4        %
6      1        0          0          341          229.9        111.1        67.4        %
7      60       64         2          341          243.4        97.6         71.4        %
8      120      121        2          341          283.9        57.1         83.3        %
9      180      154        4          341          250.5        90.5         73.5        %
10     240      216        4          341          291.1        49.9         85.4        %
11     1        1          0          314          280.2        33.8         89.2        %
12     60       52         0          314          280.0        34.0         89.2        %
13     120      100        2          314          281.8        32.2         89.8        %
14     180      154        2          314          290.0        24.0         92.4        %
15     240      221        4          314          301.9        12.1         96.1        %
16     1        0          0          361          275.5        85.5         76.3        %
17     60       57         1          361          318.9        42.1         88.3        %
18     120      124        1          361          347.4        13.6         96.2        %
19     180      183        2          361          361.9        0.9          99.7        %
20     240      249        4          361          347.5        13.5         96.3        %
21     1        0          0          211          239.6        28.6         86.5        %
22     60       20         4          211          157.3        53.7         74.6        %
23     120      73         6          211          174.9        36.1         82.9        %
24     180      122        7          211          201.3        9.7          95.4        %
25     240      156        8          211          193.4        17.6         91.7        %
26     1        0          0          324          261.6        62.4         80.7        %
27     60       54         2          324          285.1        38.9         88.0        %
28     120      94         5          324          270.2        53.8         83.4        %
29     180      164        5          324          278.5        45.5         86.0        %
30     240      211        6          324          297.1        26.9         91.7        %
31     1        0          0          295          294.7        0.3          99.9        %
32     60       37         3          295          268.9        26.1         91.1        %
33     120      83         3          295          275.5        19.5         93.4        %
34     180      130        4          295          290.0        5.0          98.3        %
35     240      188        4          295          289.2        5.8          98.0        %
36     1        1          0          219          283.2        64.2         70.7        %
37     60       41         3          219          224.9        5.9          97.3        %
38     120      73         4          219          238.2        19.2         91.2        %
39     180      127        5          219          245.9        26.9         87.7        %
40     240      164        7          219          217.9        1.1          99.5        %
41     1        2          0          55           221.8        166.8        0.0         %
42     60       18         4          55           113.7        58.7         0.0         %
43     120      40         7          55           81.2         26.2         52.4        %
44     1        2          0          281          225.0        56.0         80.1        %
45     60       59         0          281          289.4        8.4          97.0        %
46     120      91         0          281          260.7        20.3         92.8        %
47     180      150        1          281          295.0        14.0         95.0        %
48     240      204        1          281          293.0        12.0         95.7        %
49     1        0          0          204          219.5        15.5         92.4        %
50     60       34         0          204          222.8        18.8         90.8        %
51     120      64         1          204          212.7        8.7          95.7        %
52     180      115        2          204          243.4        39.4         80.7        %
53     240      163        5          204          228.6        24.6         87.9        %
54     1        0          0          257          219.5        37.5         85.4        %
55     60       41         1          257          235.4        21.6         91.6        %
56     120      70         2          257          219.3        37.7         85.3        %
57     180      105        4          257          209.1        47.9         81.4        %
58     240      165        6          257          228.2        28.8         88.8        %
59     1        0          0          219          219.5        0.5          99.8        %
60     60       33         0          219          220.4        1.4          99.4        %
61     120      72         1          219          223.0        4.0          98.2        %
62     180      111        4          219          217.1        1.9          99.1        %
63     240      155        6          219          218.4        0.6          99.7        %
64     1        0          0          373          219.5        153.5        58.8        %
65     60       52         0          373          264.1        108.9        70.8        %
66     120      95         1          373          275.5        97.5         73.9        %
67     180      159        1          373          295.7        77.3         79.3        %
68     240      248        1          373          346.6        26.4         92.9        %
69     1        0          0          226          219.5        6.5          97.1        %
70     60       25         1          226          201.2        24.8         89.0        %
71     120      51         1          226          202.8        23.2         89.7        %
72     180      102        1          226          217.9        8.1          96.4        %
73     240      161        1          226          252.9        26.9         88.1        %
74     1        4          0          218          226.3        8.3          96.2        %
75     60       41         1          218          235.4        17.4         92.0        %
76     120      70         2          218          219.3        1.3          99.4        %
77     180      117        2          218          244.9        26.9         87.6        %
78     240      153        4          218          227.1        9.1          95.8        %
79     1        0          0          228          230.8        2.8          98.8        %
80     60       43         0          228          236.5        8.5          96.3        %
81     120      76         3          228          222.5        5.5          97.6        %
82     180      131        3          228          251.4        23.4         89.7        %
83     240      165        6          228          217.7        10.3         95.5        %
84     1        0          0          133          171.3        38.3         71.2        %
85     60       20         1          133          142.8        9.8          92.6        %
86     120      43         3          133          144.3        11.3         91.5        %
87     180      74         5          133          157.8        24.8         81.4        %
88     240      105        7          133          133.6        0.6          99.5        %
89     1        0          0          229          219.1        9.9          95.7        %
90     60       34         0          229          221.5        7.5          96.7        %
91     120      85         1          229          256.9        27.9         87.8        %
92     180      167        2          229          307.7        78.7         65.7        %
93     1        0          0          117          176.1        59.1         49.5        %
94     60       27         1          117          189.1        72.1         38.4        %
95     120      72         2          117          189.0        72.0         38.5        %
96     1        2          0          233          221.7        11.3         95.2        %
97     60       23         3          233          142.1        90.9         61.0        %
98     120      57         4          233          169.2        63.8         72.6        %
99     180      102        5          233          173.8        59.2         74.6        %
100    240      142        5          233          206.8        26.2         88.8        %

====================================================================================================
ERROR DISTRIBUTION:
====================================================================================================

Excellent (0-10 runs)             273 samples (22.34%)
Very Good (11-20 runs)            193 samples (15.79%)
Good (21-30 runs)                 158 samples (12.93%)
Acceptable (31-50 runs)           231 samples (18.90%)
Poor (51-100 runs)                235 samples (19.23%)
Very Poor (>100 runs)              70 samples ( 5.73%)
